<?xml version="1.0"?>
<opencv_storage>
<!--
Calibration date: Sat Jul 25 19:46:18 2020
Number of frames: 50
RMS: 2.58001
-->
<cameraMatrix type_id="opencv-matrix">
  <rows>3</rows>
  <cols>3</cols>
  <dt>d</dt>
  <data>
    1.0698664548134150e+03 0. 9.7640782397363637e+02 0.
    1.0610954870464004e+03 6.2506014678766064e+02 0. 0. 1.</data></cameraMatrix>
<distCoeffs type_id="opencv-matrix">
  <rows>1</rows>
  <cols>5</cols>
  <dt>d</dt>
  <data>
    -1.5931027611938575e-01 2.9099392137563929e-01
    -2.6063338918592830e-04 6.4915085280112071e-05
    -1.4112559730193877e-01</data></distCoeffs>
</opencv_storage>
